model:  part2
threshold	recall	precision
0.05 1.0 0.791 0.05 1.0 0.212 0.05 1.0 0.115 0.05 0.864 0.079 0.05 0.895 0.048 0.05 0.943 0.084 
0.1 1.0 0.793 0.1 1.0 0.244 0.1 0.864 0.271 0.1 0.795 0.282 0.1 0.0 0.0 0.1 0.4 0.298 
0.15 1.0 0.795 0.15 0.912 0.292 0.15 0.705 0.534 0.15 0.75 0.423 0.15 0.0 0 0.15 0.0 0 
0.2 0.999 0.803 0.2 0.763 0.403 0.2 0.341 0.682 0.2 0.682 0.469 0.2 0.0 0 0.2 0.0 0 
0.25 0.998 0.817 0.25 0.518 0.513 0.25 0.068 0.6 0.25 0.568 0.49 0.25 0.0 0 0.25 0.0 0 
0.3 0.992 0.833 0.3 0.316 0.837 0.3 0.0 0.0 0.3 0.432 0.731 0.3 0.0 0 0.3 0.0 0 
0.35 0.987 0.863 0.35 0.193 1.0 0.35 0.0 0 0.35 0.318 0.778 0.35 0.0 0 0.35 0.0 0 
0.4 0.971 0.894 0.4 0.088 1.0 0.4 0.0 0 0.4 0.023 0.5 0.4 0.0 0 0.4 0.0 0 
0.45 0.951 0.915 0.45 0.0 0 0.45 0.0 0 0.45 0.0 0 0.45 0.0 0 0.45 0.0 0 
0.5 0.935 0.939 0.5 0.0 0 0.5 0.0 0 0.5 0.0 0 0.5 0.0 0 0.5 0.0 0 
0.55 0.906 0.961 0.55 0.0 0 0.55 0.0 0 0.55 0.0 0 0.55 0.0 0 0.55 0.0 0 
0.6 0.862 0.977 0.6 0.0 0 0.6 0.0 0 0.6 0.0 0 0.6 0.0 0 0.6 0.0 0 
0.65 0.819 0.984 0.65 0.0 0 0.65 0.0 0 0.65 0.0 0 0.65 0.0 0 0.65 0.0 0 
0.7 0.779 0.988 0.7 0.0 0 0.7 0.0 0 0.7 0.0 0 0.7 0.0 0 0.7 0.0 0 
0.75 0.747 0.989 0.75 0.0 0 0.75 0.0 0 0.75 0.0 0 0.75 0.0 0 0.75 0.0 0 
0.8 0.721 0.989 0.8 0.0 0 0.8 0.0 0 0.8 0.0 0 0.8 0.0 0 0.8 0.0 0 
0.85 0.707 0.991 0.85 0.0 0 0.85 0.0 0 0.85 0.0 0 0.85 0.0 0 0.85 0.0 0 
0.9 0.679 0.994 0.9 0.0 0 0.9 0.0 0 0.9 0.0 0 0.9 0.0 0 0.9 0.0 0 
0.95 0.361 1.0 0.95 0.0 0 0.95 0.0 0 0.95 0.0 0 0.95 0.0 0 0.95 0.0 0 
