model:  part1
threshold precision recall
0.05 0.441 0.974 0.05 0.329 1.0 0.05 0.182 1.0 0.05 0.164 1.0 0.05 0.251 0.931 0.05 0.185 0.982 
0.1 0.536 0.957 0.1 0.433 0.963 0.1 0.248 0.942 0.1 0.323 0.982 0.1 0.331 0.802 0.1 0.236 0.93 
0.15 0.595 0.938 0.15 0.524 0.867 0.15 0.379 0.855 0.15 0.44 0.965 0.15 0.424 0.356 0.15 0.265 0.904 
0.2 0.674 0.931 0.2 0.606 0.75 0.2 0.509 0.783 0.2 0.486 0.938 0.2 0.4 0.079 0.2 0.295 0.895 
0.25 0.724 0.908 0.25 0.673 0.633 0.25 0.558 0.732 0.25 0.522 0.938 0.25 0.333 0.01 0.25 0.311 0.86 
0.3 0.761 0.872 0.3 0.698 0.471 0.3 0.589 0.674 0.3 0.548 0.912 0.3 0 0.0 0.3 0.314 0.789 
0.35 0.809 0.849 0.35 0.726 0.375 0.35 0.653 0.587 0.35 0.571 0.85 0.35 0 0.0 0.35 0.339 0.746 
0.4 0.856 0.839 0.4 0.765 0.271 0.4 0.753 0.507 0.4 0.61 0.788 0.4 0 0.0 0.4 0.33 0.64 
0.45 0.885 0.809 0.45 0.836 0.192 0.45 0.838 0.413 0.45 0.65 0.708 0.45 0 0.0 0.45 0.305 0.509 
0.5 0.909 0.793 0.5 0.852 0.096 0.5 0.925 0.268 0.5 0.737 0.619 0.5 0 0.0 0.5 0.343 0.43 
0.55 0.926 0.78 0.55 1.0 0.029 0.55 0.905 0.138 0.55 0.791 0.469 0.55 0 0.0 0.55 0.356 0.316 
0.6 0.943 0.763 0.6 1.0 0.013 0.6 1.0 0.043 0.6 0.837 0.363 0.6 0 0.0 0.6 0.386 0.193 
0.65 0.957 0.734 0.65 1.0 0.004 0.65 1.0 0.014 0.65 0.774 0.212 0.65 0 0.0 0.65 0.48 0.105 
0.7 0.964 0.701 0.7 1.0 0.004 0.7 0 0.0 0.7 0.85 0.15 0.7 0 0.0 0.7 0.444 0.035 
0.75 0.995 0.661 0.75 0 0.0 0.75 0 0.0 0.75 0.938 0.133 0.75 0 0.0 0.75 0.0 0.0 
0.8 0.994 0.569 0.8 0 0.0 0.8 0 0.0 0.8 0.9 0.08 0.8 0 0.0 0.8 0 0.0 
0.85 1.0 0.431 0.85 0 0.0 0.85 0 0.0 0.85 1.0 0.009 0.85 0 0.0 0.85 0 0.0 
0.9 1.0 0.28 0.9 0 0.0 0.9 0 0.0 0.9 0 0.0 0.9 0 0.0 0.9 0 0.0 
0.95 1.0 0.049 0.95 0 0.0 0.95 0 0.0 0.95 0 0.0 0.95 0 0.0 0.95 0 0.0 
